17104 01 14 15 20 23 30 14 2017-09-05 
17103 01 21 23 25 31 33 01 2017-09-03 
17102 04 08 10 14 18 20 11 2017-08-31 
17101 01 04 11 28 31 32 16 2017-08-29 
17100 04 07 08 18 23 24 02 2017-08-27 
17099 02 05 06 16 28 29 04 2017-08-24 
17098 04 19 22 27 30 33 01 2017-08-22 
17097 05 10 18 19 30 31 03 2017-08-20 
17096 02 06 11 12 19 29 06 2017-08-17 
17095 09 10 12 19 22 29 16 2017-08-15 
17094 08 11 13 19 28 31 06 2017-08-13 
17093 07 08 09 15 22 27 12 2017-08-10 
17092 10 18 19 29 32 33 09 2017-08-08 
17091 05 07 10 23 28 29 03 2017-08-06 
17090 01 07 10 16 22 33 09 2017-08-03 
17089 11 12 13 16 23 25 12 2017-08-01 
17088 07 09 18 22 23 29 06 2017-07-30 
17087 03 06 13 14 19 28 06 2017-07-27 
17086 03 05 06 13 20 22 07 2017-07-25 
17085 01 05 06 16 25 30 09 2017-07-23 
17084 01 05 11 20 22 24 02 2017-07-20 
17083 03 08 14 20 24 26 12 2017-07-18 
17082 14 18 21 25 28 29 10 2017-07-16 
17081 03 05 14 25 26 30 05 2017-07-13 
17080 01 12 16 20 22 24 08 2017-07-11 
17079 03 07 14 23 25 27 08 2017-07-09 
17078 05 07 18 19 22 24 16 2017-07-06 
17077 01 02 04 15 17 22 14 2017-07-04 
17076 01 04 08 09 14 15 13 2017-07-02 
17075 01 03 06 19 21 29 07 2017-06-29 
17074 02 06 16 23 30 31 02 2017-06-27 
17073 03 06 16 23 26 30 14 2017-06-25 
17072 06 11 14 23 26 30 02 2017-06-22 
17071 02 03 06 14 31 32 03 2017-06-20 
17070 01 06 14 22 25 26 12 2017-06-18 
17069 02 11 12 23 29 31 05 2017-06-15 
17068 02 06 10 22 30 31 15 2017-06-13 
17067 01 03 04 10 18 29 04 2017-06-11 
17066 01 04 06 17 19 26 03 2017-06-08 
17065 02 05 08 10 12 21 07 2017-06-06 
17064 02 10 16 22 24 28 15 2017-06-04 
17063 12 16 20 22 25 31 04 2017-06-01 
17062 01 07 22 24 26 31 10 2017-05-30 
17061 06 07 12 20 26 27 11 2017-05-28 
17060 05 10 13 24 26 31 04 2017-05-25 
17059 04 08 09 15 19 25 09 2017-05-23 
17058 01 09 13 22 28 32 11 2017-05-21 
17057 18 20 22 23 30 31 16 2017-05-18 
17056 13 14 18 19 21 28 06 2017-05-16 
17055 07 12 13 20 24 31 05 2017-05-14 
17054 02 03 09 23 28 33 08 2017-05-11 
17053 04 09 11 15 29 31 06 2017-05-09 
17052 07 08 18 24 29 31 07 2017-05-07 
17051 02 05 09 15 24 25 11 2017-05-04 
17050 10 12 20 24 27 29 07 2017-05-02 
17049 01 08 14 15 20 29 10 2017-04-30 
17048 05 08 09 14 15 19 07 2017-04-27 
17047 02 05 08 10 32 33 02 2017-04-25 
17046 04 13 14 23 26 32 10 2017-04-23 
17045 05 07 16 20 21 25 05 2017-04-20 
17044 08 16 19 21 31 32 06 2017-04-18 
17043 08 13 16 23 27 31 08 2017-04-16 
17042 01 02 04 07 10 23 04 2017-04-13 
17041 04 10 13 15 22 27 04 2017-04-11 
17040 15 19 23 28 29 33 04 2017-04-09 
17039 02 04 12 14 17 24 15 2017-04-06 
17038 01 04 08 13 24 27 05 2017-04-04 
17037 11 15 20 22 25 30 05 2017-04-02 
17036 01 02 05 10 24 27 15 2017-03-30 
17035 01 06 14 24 28 32 12 2017-03-28 
17034 04 07 08 19 32 33 13 2017-03-26 
17033 05 07 15 20 23 30 15 2017-03-23 
17032 05 08 15 24 27 31 11 2017-03-21 
17031 06 10 16 26 27 29 03 2017-03-19 
17030 01 07 09 20 23 30 02 2017-03-16 
17029 02 15 21 23 25 30 10 2017-03-14 
17028 07 08 12 13 22 30 09 2017-03-12 
17027 02 04 11 14 27 30 05 2017-03-09 
17026 03 10 12 19 27 30 08 2017-03-07 
17025 02 15 16 17 22 32 07 2017-03-05 
17024 09 21 25 26 29 31 13 2017-03-02 
17023 01 03 04 11 18 22 14 2017-02-28 
17022 02 06 15 16 18 32 15 2017-02-26 
17021 02 05 10 22 32 33 09 2017-02-23 
17020 04 08 10 12 31 33 10 2017-02-21 
17019 04 06 08 12 23 25 08 2017-02-19 
17018 01 02 03 17 25 31 09 2017-02-16 
17017 03 07 08 10 22 23 12 2017-02-14 
17016 05 08 16 22 27 29 02 2017-02-12 
17015 01 08 09 14 17 32 01 2017-02-09 
17014 06 08 18 20 23 31 13 2017-02-07 
17013 08 11 28 29 31 33 06 2017-02-05 
17012 10 11 14 15 16 24 07 2017-01-26 
17011 10 11 12 23 26 29 16 2017-01-24 
17010 05 08 19 25 28 30 07 2017-01-22 
17009 02 06 08 09 15 29 14 2017-01-19 
17008 07 13 15 27 28 29 13 2017-01-17 
17007 02 04 05 24 26 33 15 2017-01-15 
17006 02 04 08 26 29 33 08 2017-01-12 
17005 06 11 12 22 23 30 05 2017-01-10 
17004 05 13 17 26 27 30 07 2017-01-08 
17003 01 04 08 15 27 32 16 2017-01-05 
17002 15 19 23 24 25 32 03 2017-01-03 
17001 09 11 14 20 25 26 15 2017-01-01 